0.449271 -0.156862 1.390034 -2.187597 0.374213 43.647971
0.230511 -0.119441 5.754831 -2.187597 0.374213 43.647971
0.011751 -0.082019 10.119628 -2.187597 0.374213 43.647971
-0.207009 -0.044598 14.484425 -2.187597 0.374213 43.647971
-0.425768 -0.007177 18.849223 -2.187597 0.374213 43.647971
-0.644528 0.030244 23.214020 -2.187597 0.374213 43.647971
-0.863288 0.067666 27.578817 -2.187597 0.374213 43.647971
-1.082047 0.105087 31.943614 -2.187597 0.374213 43.647971
-1.300807 0.142508 36.308411 -2.187597 0.374213 43.647971
-1.519567 0.179930 40.673208 -2.187597 0.374213 43.647971
-1.738326 0.217351 45.038005 -2.187597 0.374213 43.647971
-1.957086 0.254772 49.402802 -2.187597 0.374213 43.647971
-2.175846 0.292194 53.767599 -2.187597 0.374213 43.647971
-2.394605 0.329615 58.132396 -2.187597 0.374213 43.647971
-2.613365 0.367036 62.497194 -2.187597 0.374213 43.647971
-2.832125 0.404458 66.861991 -2.187597 0.374213 43.647971
-3.050884 0.441879 71.226788 -2.187597 0.374213 43.647971
-3.269644 0.479300 75.591585 -2.187597 0.374213 43.647971
-3.488404 0.516722 79.956382 -2.187597 0.374213 43.647971
-3.707163 0.554143 84.321179 -2.187597 0.374213 43.647971
-3.925923 0.591564 88.685976 -2.187597 0.374213 43.647971
-4.144683 0.628986 93.050773 -2.187597 0.374213 43.647971
-4.363442 0.666407 97.415570 -2.187597 0.374213 43.647971
-4.582202 0.703828 101.780367 -2.187597 0.374213 43.647971
-4.791163 0.742758 106.145164 -1.990155 0.404663 43.647971
-4.979954 0.784818 110.509962 -1.784334 0.436817 43.647971
-5.147779 0.830183 114.874759 -1.571002 0.470812 43.647971
-5.293933 0.879046 119.239556 -1.351056 0.506790 43.647971
-5.417801 0.931612 123.604353 -1.125422 0.544904 43.647971
-5.518860 0.988103 127.969150 -0.895050 0.585313 43.647971
-5.596685 1.048757 132.333947 -0.660911 0.628187 43.647971
-5.650949 1.113829 136.698744 -0.423989 0.673708 43.647971
-5.681424 1.183593 141.063541 -0.185282 0.722068 43.647971
-5.687980 1.258344 145.428338 0.054205 0.773469 43.647971
-5.670590 1.338396 149.793135 0.293464 0.828129 43.647971
-5.629328 1.424086 154.157933 0.531487 0.886277 43.647971
-5.564367 1.515776 158.522730 0.767273 0.948160 43.647971
-5.475981 1.613851 162.887527 0.999829 1.014036 43.647971
-5.364542 1.718725 167.252324 1.228176 1.084185 43.647971
-5.230518 1.830840 171.617121 1.451352 1.158901 43.647971
-5.074475 1.950668 175.981918 1.668418 1.238500 43.647971
-4.897069 2.078714 180.346715 1.878460 1.323316 43.647971
-4.699047 2.215517 184.711512 2.080594 1.413707 43.647971
-4.481242 2.361654 189.076309 2.273970 1.510053 43.647971
-4.244572 2.517740 193.441106 2.457772 1.612761 43.647971
-3.990033 2.684433 197.805903 2.631227 1.722264 43.647971
-3.718696 2.862434 202.170701 2.793605 1.839022 43.647971
-3.446972 3.040182 206.535498 2.642772 1.714688 43.647971
-3.189770 3.205131 210.900295 2.503072 1.583136 43.647971
-2.946006 3.356587 215.265092 2.373918 1.444919 43.647971
-2.714654 3.493912 219.629889 2.254764 1.300619 43.647971
-2.494737 3.616529 223.994686 2.145110 1.150843 43.647971
-2.285330 3.723920 228.359483 2.044493 0.996223 43.647971
-2.085551 3.815633 232.724280 1.952488 0.837409 43.647971
-1.894559 3.891284 237.089077 1.868709 0.675069 43.647971
-1.711547 3.950552 241.453874 1.792803 0.509887 43.647971
-1.535746 3.993190 245.818672 1.724449 0.342559 43.647971
-1.366415 4.019016 250.183469 1.663361 0.173788 43.647971
-1.202841 4.027923 254.548266 1.609279 0.004286 43.647971
-1.044333 4.019873 258.913063 1.561978 -0.165234 43.647971
-0.890226 3.994899 263.277860 1.521256 -0.334058 43.647971
-0.739868 3.953108 267.642657 1.486944 -0.501477 43.647971
-0.592628 3.894674 272.007454 1.458896 -0.666784 43.647971
-0.447884 3.819845 276.372251 1.436994 -0.829284 43.647971
-0.305028 3.728934 280.737048 1.421145 -0.988292 43.647971
-0.163456 3.622325 285.101845 1.411284 -1.143140 43.647971
-0.022573 3.500466 289.466642 1.407368 -1.293176 43.647971
0.118215 3.363871 293.831440 1.409381 -1.437768 43.647971
0.259501 3.213115 298.196237 1.417332 -1.576306 43.647971
0.401881 3.048831 302.561034 1.431254 -1.708209 43.647971
